   4.1670218e+00   3.7097369e+00   3.6826604e+00   8.6047221e+00
   4.5846639e+00   4.2019935e+00   4.0415817e+00   9.0401136e+00
   4.9002956e+00   4.9889933e+00   4.6245189e+00   1.0200296e+01
   5.7773959e+00   5.7304740e+00   5.7185177e+00   1.0847237e+01
   7.2840265e+00   7.4989943e+00   7.3167551e+00   1.2012503e+01
   8.4872297e+00   8.7487811e+00   8.3422208e+00   1.3749034e+01
   9.9769599e+00   1.0509847e+01   1.0677931e+01   1.5647389e+01
   1.2072552e+01   1.2863399e+01   1.2458588e+01   1.8616698e+01
   1.4368582e+01   1.5888662e+01   1.4584997e+01   1.9787004e+01
   1.7580337e+01   1.8575195e+01   1.7716719e+01   2.2632903e+01
   2.1356162e+01   2.1149799e+01   1.9993758e+01   2.5783270e+01
   2.5357776e+01   2.4646521e+01   2.4100583e+01   2.9114622e+01
   2.8388201e+01   2.8753106e+01   2.7586819e+01   3.1074214e+01
   3.5027283e+01   3.2281119e+01   3.0904146e+01   3.5220946e+01
   3.6471051e+01   3.7903051e+01   3.4817767e+01   3.8677789e+01
