   7.4799891e+00   1.2632602e+01   1.0335289e+01   8.9095498e+00
   3.7593324e-01   7.1257348e-01   4.9588977e-01   4.2796269e-01
   1.2310330e-01   1.9333035e-01   1.3547574e-01   1.1441649e-01
   6.6529250e-02   7.4815144e-02   5.3822931e-02   4.3259058e-02
   4.7535602e-02   3.3832782e-02   2.5825909e-02   1.8886278e-02
   3.9598496e-02   1.6429839e-02   1.4185273e-02   8.8660252e-03
   3.5748776e-02   8.5805306e-03   9.2847293e-03   5.1318754e-03
   3.3663647e-02   6.5252554e-03   7.7561720e-03   4.8359199e-03
   3.2435881e-02   7.0339367e-03   7.5253818e-03   5.4390390e-03
   3.1669929e-02   7.8362552e-03   7.6167999e-03   6.1092703e-03
   3.1176113e-02   8.5505688e-03   7.7678429e-03   6.6451495e-03
   3.0842720e-02   9.1183505e-03   7.9124996e-03   7.0469749e-03
   3.0608858e-02   9.5563696e-03   8.0368556e-03   7.3469148e-03
   3.0439315e-02   9.8931237e-03   8.1414995e-03   7.5728951e-03
   3.0313112e-02   1.0153652e-02   8.2280939e-03   7.7454336e-03
